,col
0,177.445556640625
1,177.37206219482422
2,177.21411572265626
3,177.3038079223633
4,177.37730619303386
5,178.04882603708904
6,178.08987767791749
7,177.66509229278566
8,177.16880913035075
9,177.35476964060464
10,177.21611822764078
11,176.55720884958902
12,176.2000817743937
13,176.02283713022868
14,175.71145958201092
15,175.64091009267173
16,175.80178603871664
17,176.10364681243897
18,176.0814796737671
19,176.12223576965332
20,176.46338063659667
21,175.78963638000488
22,175.42534501342774
23,175.20102821044924
24,175.40120945434572
25,176.1794283569336
26,176.25644961242676
27,175.90342382507325
28,176.13738890424457
29,176.44096370282855
30,175.95805490461078
31,175.67105102887837
32,176.3803672520229
33,176.4737648716518
34,176.29314624982564
35,175.76253019147603
36,176.47051372724263
37,176.96612201886862
38,176.8008710906256
39,175.9620881926764
40,175.2953107115973
41,175.40479302666077
42,175.1723242461432
43,175.0569562407721
44,175.47088589775453
45,175.58808310234437
46,175.28736532890687
47,175.07615973198304
48,174.91544936923077
49,174.95267276807516
50,174.50359265943257
51,174.82815551038473
52,174.76837549634664
53,174.61191965528218
54,174.03935593457905
55,173.81152306409564
56,173.97142028089252
57,174.49518230990455
58,174.1584589568365
59,174.34100426018125
60,174.12633824964252
61,173.8128906818935
62,173.5169501148769
63,173.76213938082742
64,173.8961466847011
65,171.76929287152973
66,171.07870397382464
67,172.05818557172503
68,172.7894511356899
69,172.16466333966937
70,171.25802418205626
71,171.64039024040588
72,172.06877509758363
73,171.52994904777893
74,170.45326661369688
75,170.87875378105528
76,171.762183560108
77,170.85011089165098
78,170.5825686583746
79,171.0766254108974
80,171.45806353650775
81,170.4064922016689
82,169.93701851799378
83,170.87164060356506
84,171.2303264352708
85,170.92485140373597
86,170.62439901115783
87,171.23681440422425
88,170.72094201347718
89,170.36363570854553
90,170.6122781951178
91,170.76324579155335
92,170.3797200245449
93,169.82135620415102
94,169.66174039248517
95,170.04317694644024
96,170.3131261987596
97,169.9443202295213
98,169.44796643923812
99,169.5203508081346
100,169.99196027468733
101,170.18553245893213
102,170.1375114323208
103,169.90519439537417
104,169.78029082888654
105,169.73304943484356
106,169.34885818118147
107,169.35814769941064
